Task | Success rate | Errors | Distribution
bucket | 0.0% | [0, 1, 10, 11, 12, 14, 23, 31, 33, 36, 43, 47] | [1, 1, 12, 3, 23, 0, 1, 0, 0, 0, 0, 0, 0, 0, 0, 0, 2, 0, 0, 0, 0, 0, 0, 0, 0, 1, 0, 1, 0, 0, 3, 0, 0, 0, 0, 0, 0, 0, 1, 0, 0, 0, 1, 0, 0, 0, 0, 0, 0, 0]
bucket-bucket_log | 0.0% | [0, 1, 2, 3, 10, 11, 14, 16] | [13, 1, 2, 17, 0, 0, 12, 0, 3, 0, 0, 0, 1, 0, 0, 0, 0, 0, 0, 0, 0, 0, 0, 1, 0, 0, 0, 0, 0, 0, 0, 0, 0, 0, 0, 0, 0, 0, 0, 0, 0, 0, 0, 0, 0, 0, 0, 0, 0, 0]
bucket-bucket_object | 0.0% | [0, 1, 2, 3, 10, 11, 12, 13, 14, 15, 16, 18, 19, 20, 21, 22, 23, 24, 25, 26, 27, 28, 30, 31, 32, 33, 34, 36, 37, 38, 39, 40, 41, 42, 44, 45, 47, 48, 49, 50] | [1, 1, 1, 1, 1, 3, 1, 1, 1, 0, 1, 1, 5, 1, 2, 2, 2, 1, 1, 1, 1, 1, 0, 1, 1, 1, 1, 1, 1, 0, 1, 1, 1, 1, 0, 1, 1, 2, 0, 1, 1, 0, 1, 1, 1, 0, 1, 0, 0, 0]
bucket_state_import | 0.0% | [0, 1, 12, 13, 16, 18, 23, 26, 27] | [6, 22, 0, 0, 4, 7, 0, 0, 1, 0, 4, 0, 0, 0, 0, 0, 3, 0, 0, 2, 1, 0, 0, 0, 0, 0, 0, 0, 0, 0, 0, 0, 0, 0, 0, 0, 0, 0, 0, 0, 0, 0, 0, 0, 0, 0, 0, 0, 0, 0]
customer_gateway | 0.0% | [0, 2, 3, 12, 13, 14, 20, 41] | [19, 0, 0, 0, 3, 6, 4, 0, 0, 0, 0, 0, 8, 5, 0, 0, 0, 0, 0, 0, 0, 0, 0, 2, 0, 0, 0, 0, 0, 0, 0, 0, 0, 0, 0, 0, 3, 0, 0, 0, 0, 0, 0, 0, 0, 0, 0, 0, 0, 0]
data_ami | 0.0% | [0, 10, 18, 24] | [36, 0, 9, 0, 0, 0, 0, 0, 0, 0, 1, 0, 0, 0, 0, 0, 0, 4, 0, 0, 0, 0, 0, 0, 0, 0, 0, 0, 0, 0, 0, 0, 0, 0, 0, 0, 0, 0, 0, 0, 0, 0, 0, 0, 0, 0, 0, 0, 0, 0]
data_ami-instance | 0.0% | [0, 1, 12, 13, 23, 24, 32, 37, 39, 44, 45, 47] | [1, 35, 0, 0, 2, 1, 0, 0, 0, 0, 0, 0, 0, 0, 0, 0, 1, 3, 0, 0, 0, 0, 0, 0, 0, 0, 1, 0, 0, 0, 0, 1, 0, 2, 0, 0, 0, 0, 0, 1, 1, 0, 1, 0, 0, 0, 0, 0, 0, 0]
db_instance | 0.0% | [0, 1, 2, 3, 4, 5, 10, 11, 12, 13, 14, 15, 16, 17, 18, 19, 20, 21, 22, 23, 24, 25, 26, 27, 28, 29, 30, 31, 32, 33, 34, 35, 36, 37, 38, 39, 40, 41, 42, 43, 44, 45, 46, 47, 48, 49, 50, 51, 52, 53] | [1, 1, 1, 1, 1, 1, 1, 1, 1, 1, 1, 1, 1, 1, 1, 1, 1, 1, 1, 1, 1, 1, 1, 1, 1, 1, 1, 1, 1, 1, 1, 1, 1, 1, 1, 1, 1, 1, 1, 1, 1, 1, 1, 1, 1, 1, 1, 1, 1, 1]
elb | 0.0% | [0, 1, 2, 3, 5, 10, 11, 12, 13, 16, 17, 18, 20, 22, 23, 25, 27, 28, 30, 32, 33, 35, 39, 40, 41, 43, 46, 48, 53] | [1, 3, 14, 1, 2, 2, 0, 0, 1, 1, 1, 0, 2, 3, 0, 1, 1, 0, 1, 0, 1, 2, 0, 1, 1, 0, 1, 1, 0, 1, 0, 0, 0, 1, 0, 1, 1, 0, 1, 0, 0, 1, 0, 1, 0, 1, 0, 0, 0, 1]
iam_user | 0.0% | [0, 1, 13, 14, 17, 19, 24, 25, 35, 38, 39] | [26, 1, 0, 0, 0, 2, 11, 0, 0, 3, 0, 1, 0, 0, 0, 0, 0, 1, 1, 0, 0, 0, 0, 0, 0, 0, 0, 0, 0, 1, 0, 0, 1, 2, 0, 0, 0, 0, 0, 0, 0, 0, 0, 0, 0, 0, 0, 0, 0, 0]
instance | 100.0% | [] | [50, 0, 0, 0, 0, 0, 0, 0, 0, 0, 0, 0, 0, 0, 0, 0, 0, 0, 0, 0, 0, 0, 0, 0, 0, 0, 0, 0, 0, 0, 0, 0, 0, 0, 0, 0, 0, 0, 0, 0, 0, 0, 0, 0, 0, 0, 0, 0, 0, 0]
instance-output_dns | 0.0% | [0, 10, 11, 20, 30, 33, 41, 53] | [4, 0, 1, 23, 0, 0, 0, 0, 0, 0, 0, 0, 0, 18, 0, 0, 0, 0, 0, 0, 0, 0, 0, 0, 1, 0, 0, 1, 0, 0, 0, 0, 0, 0, 0, 0, 1, 0, 0, 0, 0, 0, 0, 0, 0, 0, 0, 0, 0, 1]
instance-output_ip | 0.0% | [0, 1, 4, 11, 15, 16, 21, 26, 30, 31, 38, 45, 46, 48] | [5, 24, 0, 3, 0, 0, 0, 3, 5, 0, 0, 0, 0, 0, 1, 0, 0, 0, 0, 1, 0, 0, 0, 0, 1, 2, 0, 0, 0, 0, 0, 0, 1, 0, 1, 0, 0, 0, 0, 0, 1, 1, 0, 1, 0, 0, 0, 0, 0, 0]
instance-time | 0.0% | [0, 1, 2, 3, 4, 5, 10, 11, 12, 13, 14, 15, 17, 18, 19, 20, 21, 22, 26, 28, 29, 31, 34, 35, 37, 38, 39, 40, 41, 43, 45, 46, 47, 50, 51, 52, 53] | [1, 3, 1, 1, 1, 1, 2, 3, 0, 1, 1, 1, 1, 1, 7, 1, 0, 0, 0, 2, 0, 1, 1, 1, 0, 1, 0, 0, 1, 1, 0, 1, 1, 1, 1, 2, 1, 0, 1, 0, 1, 1, 1, 0, 0, 1, 1, 1, 1, 1]
instance_before_destroy | 86.0% | [1, 2, 3, 4, 30, 31, 52] | [43, 1, 0, 0, 0, 0, 0, 0, 0, 0, 0, 0, 1, 0, 0, 0, 0, 0, 0, 0, 0, 0, 0, 1, 1, 1, 0, 0, 0, 0, 0, 0, 0, 0, 1, 0, 0, 0, 0, 0, 0, 0, 0, 0, 0, 0, 0, 0, 1, 0]
instance_connection | 0.0% | [0, 1] | [26, 24, 0, 0, 0, 0, 0, 0, 0, 0, 0, 0, 0, 0, 0, 0, 0, 0, 0, 0, 0, 0, 0, 0, 0, 0, 0, 0, 0, 0, 0, 0, 0, 0, 0, 0, 0, 0, 0, 0, 0, 0, 0, 0, 0, 0, 0, 0, 0, 0]
instance_count | 0.0% | [0, 1] | [5, 45, 0, 0, 0, 0, 0, 0, 0, 0, 0, 0, 0, 0, 0, 0, 0, 0, 0, 0, 0, 0, 0, 0, 0, 0, 0, 0, 0, 0, 0, 0, 0, 0, 0, 0, 0, 0, 0, 0, 0, 0, 0, 0, 0, 0, 0, 0, 0, 0]
instance_ignore_tags | 0.0% | [0] | [50, 0, 0, 0, 0, 0, 0, 0, 0, 0, 0, 0, 0, 0, 0, 0, 0, 0, 0, 0, 0, 0, 0, 0, 0, 0, 0, 0, 0, 0, 0, 0, 0, 0, 0, 0, 0, 0, 0, 0, 0, 0, 0, 0, 0, 0, 0, 0, 0, 0]
instance_prevent_destroy | 0.0% | [0, 1, 10, 15, 18, 19, 21, 22, 30, 47, 53] | [8, 11, 9, 0, 0, 0, 0, 3, 0, 0, 9, 1, 0, 0, 1, 5, 0, 0, 0, 0, 0, 0, 0, 0, 1, 0, 0, 0, 0, 0, 0, 0, 0, 0, 0, 0, 0, 0, 0, 0, 0, 0, 1, 0, 0, 0, 0, 0, 0, 1]
instance_zone_1 | 0.0% | [0, 1] | [1, 49, 0, 0, 0, 0, 0, 0, 0, 0, 0, 0, 0, 0, 0, 0, 0, 0, 0, 0, 0, 0, 0, 0, 0, 0, 0, 0, 0, 0, 0, 0, 0, 0, 0, 0, 0, 0, 0, 0, 0, 0, 0, 0, 0, 0, 0, 0, 0, 0]
instance_zone_2 | 0.0% | [0, 1, 2, 4, 5, 10, 11, 12, 13, 14, 15, 16, 17, 18, 19, 20, 21, 22, 23, 25, 26, 27, 28, 29, 31, 32, 34, 35, 36, 37, 38, 39, 41, 42, 43, 47, 48, 51, 52] | [1, 2, 1, 1, 1, 1, 2, 2, 1, 1, 1, 3, 1, 2, 1, 1, 2, 0, 1, 1, 1, 1, 1, 0, 0, 1, 2, 0, 1, 2, 2, 1, 1, 2, 1, 0, 1, 1, 1, 0, 0, 0, 1, 1, 0, 1, 0, 1, 1, 0]
provider-vpc-vpc | 0.0% | [0, 1, 5, 10, 11, 13, 14, 17, 18, 19, 20, 23, 24, 25, 26, 28, 32, 35, 36, 37, 38, 40, 41, 42, 43, 44, 49, 50] | [1, 3, 2, 2, 0, 1, 3, 0, 0, 1, 1, 1, 0, 6, 0, 0, 1, 1, 2, 10, 0, 1, 0, 0, 0, 0, 1, 0, 0, 2, 1, 1, 1, 0, 0, 1, 1, 1, 1, 1, 0, 0, 0, 0, 1, 1, 1, 0, 0, 0]
random_pet-bucket | 0.0% | [0, 1, 2, 3, 4, 5, 10, 11, 12, 13, 14, 15, 16, 17, 18, 19, 20, 21, 23, 24, 25, 26, 27, 28, 29, 30, 31, 32, 33, 34, 35, 36, 37, 38, 39, 41, 42, 43, 44, 45, 46, 47, 48, 49, 51, 52] | [2, 1, 1, 1, 1, 2, 1, 1, 1, 1, 1, 1, 1, 1, 1, 0, 2, 1, 1, 1, 1, 1, 1, 1, 1, 1, 1, 1, 1, 1, 1, 1, 2, 1, 1, 0, 1, 1, 1, 1, 1, 1, 1, 1, 1, 1, 0, 1, 1, 0]
required_version | 0.0% | [0, 14] | [44, 0, 0, 0, 0, 0, 6, 0, 0, 0, 0, 0, 0, 0, 0, 0, 0, 0, 0, 0, 0, 0, 0, 0, 0, 0, 0, 0, 0, 0, 0, 0, 0, 0, 0, 0, 0, 0, 0, 0, 0, 0, 0, 0, 0, 0, 0, 0, 0, 0]
security_lots | 0.0% | [0, 1, 2, 3, 4, 5, 10, 11, 12, 13, 14, 16, 17, 18, 19, 20, 21, 22, 23, 25, 27, 28, 29, 30, 31, 32, 33, 34, 35, 36, 37, 38, 39, 40, 41, 42, 43, 44, 45, 46, 47, 48, 49, 50, 51, 53] | [1, 1, 1, 1, 2, 1, 1, 0, 1, 1, 1, 1, 1, 2, 1, 2, 1, 0, 1, 0, 1, 1, 1, 1, 1, 1, 1, 1, 1, 1, 1, 1, 1, 1, 1, 1, 2, 1, 1, 1, 1, 1, 1, 1, 1, 1, 1, 1, 0, 1]
security_ssh | 0.0% | [0, 1, 3, 4, 10, 12, 14, 15, 16, 17, 19, 23, 30, 32, 35, 46, 48, 49] | [7, 6, 1, 0, 7, 0, 1, 2, 10, 1, 0, 2, 0, 0, 0, 0, 1, 0, 0, 0, 0, 0, 0, 3, 2, 0, 1, 0, 0, 2, 0, 0, 0, 0, 1, 0, 0, 0, 0, 0, 0, 1, 0, 1, 1, 0, 0, 0, 0, 0]
security_ssh-instance | 0.0% | [0, 1, 2, 10, 11, 12, 13, 14, 15, 17, 18, 20, 25, 27, 29, 31, 32, 34, 38, 39, 42, 44, 45, 47] | [14, 3, 2, 2, 2, 1, 1, 2, 0, 2, 1, 0, 1, 5, 0, 0, 0, 0, 1, 0, 1, 0, 1, 0, 0, 1, 1, 0, 1, 0, 0, 0, 1, 2, 0, 0, 0, 2, 0, 1, 1, 0, 1, 0, 0, 0, 0, 0, 0, 0]
security_web | 0.0% | [0, 1, 4, 10, 14, 15, 17, 20, 23, 24, 28, 29, 31, 33, 39, 42, 44, 47, 52] | [13, 13, 1, 0, 0, 0, 2, 2, 0, 1, 0, 0, 0, 5, 0, 0, 1, 1, 0, 0, 0, 1, 2, 0, 0, 1, 0, 1, 0, 0, 0, 0, 0, 1, 1, 0, 0, 1, 0, 1, 0, 0, 1, 0, 0, 0, 0, 0, 1, 0]
security_web-instance | 0.0% | [0, 1, 2, 3, 4, 5, 10, 11, 12, 13, 14, 15, 16, 17, 18, 19, 20, 21, 22, 23, 24, 25, 26, 28, 29, 30, 31, 32, 33, 34, 35, 36, 37, 38, 39, 40, 41, 42, 43, 44, 45, 46, 47, 48, 49, 50, 51, 52, 53] | [1, 1, 1, 1, 1, 1, 1, 1, 1, 1, 1, 1, 1, 1, 1, 1, 1, 2, 1, 1, 0, 1, 1, 1, 1, 1, 1, 1, 1, 1, 1, 1, 1, 1, 1, 1, 1, 1, 1, 1, 1, 1, 1, 1, 1, 1, 1, 1, 1, 1]
service_quota | 0.0% | [0, 1, 2, 3, 10, 11, 12, 13, 14, 15, 16, 17, 18, 19, 20, 21, 22, 23, 24, 25, 26, 28, 29, 30, 31, 32, 33, 34, 35, 36, 37, 38, 39, 40, 41, 42, 43, 44, 45, 46, 47, 50, 51, 53] | [1, 1, 1, 5, 1, 1, 1, 1, 1, 1, 1, 1, 1, 1, 1, 1, 1, 1, 1, 2, 0, 1, 1, 1, 1, 1, 1, 1, 1, 1, 1, 2, 1, 1, 0, 1, 1, 1, 1, 1, 1, 1, 1, 0, 0, 0, 1, 1, 0, 1]
variable-instance | 0.0% | [0, 1, 2, 3, 10, 11, 12, 13, 14, 15, 16, 20, 23, 27, 28, 32, 35, 40, 41, 44, 45, 50] | [1, 1, 10, 3, 2, 1, 4, 1, 7, 0, 0, 0, 3, 3, 0, 0, 3, 0, 0, 0, 1, 1, 0, 2, 0, 0, 1, 0, 0, 1, 0, 0, 0, 0, 0, 1, 1, 0, 0, 1, 1, 0, 0, 0, 0, 0, 1, 0, 0, 0]
variable-security_ssh-security_web-instance | 0.0% | [0, 1, 2, 3, 4, 5, 6, 7, 8, 9, 10, 11, 12, 13, 14, 15, 16, 17, 18, 19, 20, 21, 22, 23, 24, 25, 26, 27, 28, 29, 30, 31, 32, 33, 34, 35, 36, 37, 38, 39, 40, 41, 42, 44, 45, 46, 47, 48, 49] | [1, 1, 1, 1, 1, 1, 1, 2, 1, 1, 1, 1, 1, 1, 1, 1, 1, 1, 1, 1, 1, 1, 1, 1, 1, 1, 1, 1, 1, 1, 1, 1, 1, 1, 1, 1, 1, 1, 0, 1, 1, 1, 1, 1, 1, 1, 1, 1, 1, 1]
variable_condition | 0.0% | [0, 1, 4, 10, 11, 12, 15, 16, 17, 18, 19, 20, 21, 28, 31, 33, 39] | [2, 6, 9, 1, 3, 0, 0, 1, 6, 1, 4, 6, 0, 2, 2, 0, 0, 0, 0, 0, 0, 1, 0, 0, 0, 2, 0, 2, 0, 0, 0, 0, 0, 1, 1, 0, 0, 0, 0, 0, 0, 0, 0, 0, 0, 0, 0, 0, 0, 0]
variable_map | 0.0% | [0, 1, 3, 4, 7, 10, 11, 12, 13, 19, 21, 22, 23, 24, 31, 35, 36, 39, 41, 42, 44] | [2, 10, 7, 1, 6, 5, 0, 0, 0, 0, 0, 1, 0, 0, 4, 1, 1, 1, 0, 0, 0, 0, 0, 1, 0, 1, 0, 0, 0, 1, 2, 0, 0, 1, 1, 0, 1, 1, 0, 1, 0, 0, 0, 0, 0, 0, 0, 1, 0, 0]
variable_region | 90.0% | [0] | [5, 45, 0, 0, 0, 0, 0, 0, 0, 0, 0, 0, 0, 0, 0, 0, 0, 0, 0, 0, 0, 0, 0, 0, 0, 0, 0, 0, 0, 0, 0, 0, 0, 0, 0, 0, 0, 0, 0, 0, 0, 0, 0, 0, 0, 0, 0, 0, 0, 0]
vpc | 24.0% | [1, 3, 5, 10, 11, 14, 16, 17, 18, 20, 22, 30, 32, 34, 41, 49] | [10, 5, 2, 1, 0, 0, 6, 1, 4, 1, 1, 0, 0, 7, 0, 4, 0, 0, 0, 0, 0, 0, 0, 1, 1, 0, 1, 0, 1, 0, 0, 0, 0, 0, 0, 0, 1, 1, 0, 0, 0, 0, 0, 0, 1, 1, 0, 0, 0, 0]
vpc-default_network_acl | 0.0% | [0, 1, 2, 3, 4, 10, 11, 12, 13, 14, 15, 16, 17, 18, 21, 22, 23, 24, 26, 27, 28, 29, 30, 31, 32, 33, 39, 40, 42, 43, 44, 45, 46, 47, 48, 51, 52, 53] | [1, 1, 2, 1, 7, 1, 3, 1, 1, 1, 2, 0, 1, 0, 1, 1, 1, 1, 0, 2, 1, 1, 1, 1, 1, 1, 1, 1, 0, 0, 0, 0, 0, 1, 2, 1, 0, 1, 1, 1, 1, 1, 1, 1, 0, 0, 0, 1, 1, 1]
vpc-egress_only_internet_gateway | 0.0% | [0, 4, 10, 13, 14, 17, 23, 25, 41, 43, 46, 48] | [32, 0, 1, 0, 0, 2, 7, 0, 0, 1, 0, 0, 0, 0, 0, 0, 1, 0, 1, 0, 0, 0, 0, 0, 0, 0, 0, 0, 0, 0, 0, 0, 0, 0, 1, 0, 1, 0, 1, 0, 0, 1, 0, 1, 0, 0, 0, 0, 0, 0]
vpc-gateway | 0.0% | [0, 1, 2, 3, 10, 11, 12, 14, 15, 17, 18, 20, 21, 23, 28, 36, 38, 39, 40, 44, 46, 52] | [5, 1, 7, 4, 2, 0, 1, 7, 0, 2, 2, 0, 2, 1, 5, 0, 1, 0, 0, 0, 0, 1, 0, 1, 0, 0, 0, 0, 0, 0, 1, 0, 1, 2, 0, 1, 0, 0, 0, 1, 0, 1, 0, 0, 0, 0, 0, 0, 1, 0]
vpc-gateway-instance-eip | 0.0% | [0, 1, 2, 10, 11, 12, 13, 14, 16, 18, 19, 20, 21, 22, 23, 24, 26, 31, 34, 36, 37, 40, 41, 42, 45, 46, 47, 48, 49, 51] | [1, 4, 1, 1, 1, 2, 7, 0, 2, 0, 2, 2, 4, 1, 1, 1, 2, 1, 0, 1, 0, 0, 0, 0, 0, 1, 0, 0, 1, 0, 2, 1, 0, 0, 0, 1, 1, 3, 0, 0, 1, 1, 1, 1, 1, 0, 0, 1, 0, 0]
vpc-gateway-route_table-route | 0.0% | [0, 1, 2, 3, 10, 12, 13, 14, 16, 20, 21, 22, 23, 25, 31, 32, 35, 38, 41, 44] | [9, 11, 1, 0, 5, 1, 1, 0, 2, 0, 0, 0, 7, 1, 2, 1, 1, 0, 1, 0, 0, 0, 0, 1, 0, 1, 1, 0, 0, 1, 0, 0, 1, 0, 0, 0, 1, 0, 0, 1, 0, 0, 0, 0, 0, 0, 0, 0, 0, 0]
vpc-service_discovery_private_dns | 0.0% | [0, 2, 3, 11, 15, 19, 20, 21, 22, 24, 34, 41, 44, 46, 53] | [19, 0, 0, 3, 0, 0, 0, 1, 0, 0, 0, 1, 8, 2, 1, 4, 0, 4, 0, 0, 0, 0, 0, 1, 0, 0, 0, 0, 2, 0, 0, 0, 0, 0, 0, 0, 1, 0, 0, 1, 0, 1, 0, 0, 0, 0, 0, 0, 0, 1]
vpc-subnet | 0.0% | [0, 1, 2, 4, 5, 10, 11, 12, 13, 14, 15, 16, 17, 18, 20, 21, 22, 23, 24, 26, 27, 29, 30, 31, 32, 33, 34, 35, 36, 38, 40, 41, 42, 43, 44, 45, 46, 49, 53] | [1, 4, 2, 2, 1, 1, 1, 1, 2, 1, 1, 0, 3, 1, 1, 1, 1, 1, 0, 1, 1, 0, 2, 0, 1, 1, 1, 1, 1, 2, 1, 0, 1, 0, 1, 1, 1, 1, 2, 1, 1, 1, 0, 0, 1, 1, 0, 0, 0, 1]
vpc-subnet-instance | 0.0% | [0, 1, 2, 4, 5, 10, 11, 12, 13, 14, 15, 17, 20, 21, 22, 23, 24, 25, 26, 27, 28, 31, 32, 33, 34, 38, 39, 40, 41, 42, 43, 44, 45, 46, 47, 48, 49, 52, 53] | [1, 1, 1, 3, 3, 1, 3, 1, 0, 1, 0, 0, 1, 2, 2, 1, 1, 1, 1, 1, 3, 1, 0, 0, 0, 2, 1, 1, 1, 0, 0, 0, 1, 1, 1, 1, 1, 1, 1, 1, 1, 1, 1, 1, 1, 1, 0, 0, 1, 1]
vpc-subnet-nat | 0.0% | [0, 1, 3, 4, 5, 10, 11, 12, 13, 14, 15, 17, 18, 19, 21, 22, 23, 24, 27, 28, 29, 30, 31, 32, 34, 35, 36, 38, 40, 42, 43, 44, 45, 46, 47, 48, 49, 50, 52] | [1, 2, 1, 1, 4, 4, 1, 1, 0, 1, 1, 1, 0, 0, 2, 1, 2, 1, 0, 0, 1, 2, 1, 1, 1, 1, 1, 0, 1, 1, 2, 0, 1, 0, 1, 1, 0, 1, 1, 1, 1, 1, 1, 1, 1, 1, 1, 0, 1, 0]
vpc-vpn-customer_gateway | 0.0% | [0, 1, 4, 10, 13, 14, 16, 26, 29, 30, 33, 38, 39, 41, 44] | [1, 22, 12, 0, 0, 1, 1, 0, 1, 0, 0, 0, 0, 0, 0, 0, 0, 0, 0, 1, 0, 0, 1, 0, 1, 0, 0, 2, 0, 0, 0, 0, 1, 2, 1, 0, 2, 0, 0, 1, 0, 0, 0, 0, 0, 0, 0, 0, 0, 0]
vpc-vpn-customer_gateway-connection | 0.0% | [0, 3, 4, 11, 12, 14, 17, 19, 21, 24, 32, 36, 37, 48] | [26, 0, 0, 2, 1, 0, 8, 0, 0, 3, 0, 1, 0, 0, 1, 0, 0, 1, 0, 0, 0, 0, 0, 2, 0, 0, 1, 0, 0, 0, 1, 1, 0, 0, 1, 0, 0, 0, 0, 0, 0, 0, 0, 1, 0, 0, 0, 0, 0, 0]
wafv2_ip_set | 0.0% | [0, 1, 2, 3, 4, 5, 10, 11, 12, 13, 14, 15, 16, 17, 18, 19, 20, 21, 22, 23, 24, 25, 26, 28, 29, 30, 32, 33, 34, 35, 36, 37, 38, 40, 41, 44, 46, 47, 48, 49, 51, 52] | [1, 1, 1, 1, 5, 1, 1, 1, 1, 1, 1, 1, 1, 1, 2, 1, 1, 1, 1, 1, 0, 1, 1, 2, 1, 0, 1, 1, 1, 1, 2, 2, 1, 0, 1, 1, 1, 0, 0, 1, 0, 1, 1, 1, 1, 1, 0, 1, 1, 0]
workspaces_ip_group | 0.0% | [0, 4, 10, 11, 12, 13, 14, 17, 18, 19, 20, 26, 31, 32, 35, 36, 37, 38, 42, 44, 45, 52] | [11, 0, 1, 1, 2, 3, 2, 0, 0, 3, 2, 8, 0, 1, 0, 0, 0, 0, 0, 3, 0, 0, 0, 0, 0, 1, 1, 0, 0, 1, 1, 2, 1, 0, 1, 0, 0, 2, 0, 1, 1, 0, 0, 0, 0, 0, 0, 0, 1, 0]
Average success rate 6.1224489795918355%
