Task | Success rate | Errors
bucket | 0.0% | [0, 3, 21, 48] 
bucket-bucket_object | 0.0% | [0, 1, 2, 9, 10, 14, 21, 22, 27, 28, 29, 35, 36, 48] 
customer_gateway | 0.0% | [0, 1, 2, 9, 10, 11, 16, 20, 21, 22, 24, 26, 32, 34, 46, 48] 
data_ami | 0.0% | [0, 1, 2, 8, 11, 12, 15, 18, 20, 21, 22, 48] 
data_ami-instance | 0.0% | [0, 1, 2, 8, 9, 10, 12, 14, 15, 22, 25, 29, 48] 
db_instance | 0.0% | [0, 1, 2, 3, 4, 5, 6, 7, 8, 9, 10, 11, 12, 13, 14, 15, 16, 17, 18, 19, 20, 21, 22, 23, 24, 25, 26, 27, 28, 29, 30, 31, 32, 33, 34, 35, 37, 38, 39, 40, 41, 42, 43, 44, 45, 46, 47, 48] 
elb | 0.0% | [0, 1, 2, 7, 8, 10, 11, 12, 13, 15, 16, 17, 18, 19, 21, 23, 25, 26, 29, 30, 32, 34, 36, 38, 39, 40, 48] 
instance | 0.0% | [0, 14, 48] 
instance-output | 0.0% | [0, 1, 2, 3, 5, 10, 11, 12, 13, 14, 20, 21, 22, 23, 26, 27, 29, 31, 45, 46, 48] 
instance-time | 0.0% | [0, 1, 2, 3, 4, 5, 6, 7, 8, 10, 11, 12, 13, 14, 16, 17, 18, 19, 21, 22, 23, 24, 25, 26, 28, 31, 33, 34, 39, 45, 47, 48] 
provider-vpc-vpc | 0.0% | [0, 1, 2, 3, 6, 10, 11, 12, 13, 14, 16, 18, 19, 22, 23, 24, 25, 26, 27, 28, 29, 30, 32, 34, 35, 42, 43, 48] 
random_pet-bucket | 0.0% | [0, 1, 2, 3, 5, 6, 7, 9, 10, 11, 12, 13, 14, 15, 17, 18, 19, 20, 21, 24, 25, 26, 27, 28, 29, 31, 32, 33, 35, 36, 37, 38, 39, 41, 42, 43, 44, 45, 47, 48] 
security | 0.0% | [0, 1, 2, 6, 11, 12, 15, 16, 17, 21, 22, 23, 24, 25, 26, 28, 29, 30, 32, 33, 37, 38, 42, 43, 48] 
security-instance | 0.0% | [0, 1, 4, 5, 9, 10, 13, 14, 15, 16, 19, 20, 21, 22, 25, 26, 29, 35, 36, 41, 42, 43, 45, 48] 
service_quota | 0.0% | [0, 1, 3, 6, 8, 10, 11, 12, 13, 14, 16, 17, 19, 20, 22, 23, 26, 29, 30, 31, 32, 33, 35, 37, 40, 42, 45, 47, 48] 
variable | 0.0% | [0, 10, 38, 48] 
variable-security_ssh-security_web-instance | 0.0% | [0, 1, 2, 3, 4, 5, 6, 7, 8, 9, 10, 11, 12, 13, 15, 16, 17, 18, 19, 20, 21, 23, 24, 25, 26, 27, 28, 30, 31, 32, 33, 34, 35, 36, 37, 38, 39, 40, 41, 42, 44, 45, 46, 48] 
vpc | 0.0% | [0, 1, 11, 12, 14, 15, 16, 18, 19, 24, 25, 37, 48] 
vpc-default_network_acl | 0.0% | [0, 1, 11, 14, 33, 48] 
vpc-egress_only_internet_gateway | 0.0% | [0, 48] 
vpc-gateway | 0.0% | [0, 13, 17, 18, 24, 30, 46, 48] 
vpc-gateway-instance-eip | 0.0% | [0, 1, 2, 3, 6, 7, 10, 11, 12, 15, 16, 18, 21, 22, 23, 26, 29, 31, 32, 35, 36, 39, 40, 44, 46, 47, 48] 
vpc-gateway-route_table-route | 0.0% | [0, 1, 2, 3, 5, 8, 10, 11, 12, 13, 15, 16, 17, 18, 19, 20, 24, 25, 34, 37, 38, 39, 41, 42, 45, 48] 
vpc-service_discovery_private_dns | 0.0% | [0, 1, 13, 15, 16, 18, 21, 38, 41, 46, 48] 
vpc-subnet | 0.0% | [0, 2, 3, 10, 11, 13, 15, 17, 20, 23, 36, 44, 46, 48] 
vpc-subnet-instance | 0.0% | [0, 1, 2, 3, 5, 9, 10, 11, 13, 14, 15, 17, 21, 23, 24, 25, 28, 29, 32, 33, 36, 39, 40, 42, 46, 48] 
vpc-subnet-nat | 0.0% | [0, 1, 7, 9, 10, 12, 13, 14, 15, 16, 17, 18, 19, 21, 23, 25, 26, 27, 31, 33, 37, 48] 
vpc-vpn-customer_gateway | 0.0% | [0, 1, 2, 3, 4, 5, 6, 8, 11, 12, 13, 14, 15, 18, 19, 20, 22, 23, 24, 25, 29, 30, 32, 34, 36, 37, 41, 43, 45, 48] 
vpc-vpn-customer_gateway-connection | 0.0% | [0, 1, 2, 3, 4, 7, 9, 11, 12, 14, 16, 17, 18, 19, 21, 22, 23, 24, 26, 27, 28, 29, 31, 33, 34, 35, 36, 38, 39, 40, 42, 43, 44, 46, 47, 48] 
wafv2_ip_set | 0.0% | [0, 1, 5, 9, 10, 13, 14, 15, 16, 18, 20, 23, 30, 31, 35, 37, 48] 
workspaces_ip_group | 0.0% | [0, 1, 2, 3, 5, 7, 8, 9, 10, 11, 12, 13, 14, 15, 16, 17, 18, 19, 20, 21, 22, 24, 25, 26, 27, 28, 29, 30, 31, 32, 33, 34, 36, 37, 39, 40, 43, 45, 46, 47, 48] 
Average success rate 0.0%
