Task | Success rate | Errors
bigquery_dataset | 0.0% | [0, 1, 6, 12, 13, 15, 17, 19, 20, 21, 24, 25, 30, 31] 
bucket-backend_bucket | 0.0% | [0, 1, 4, 5, 7, 8, 10, 11, 12, 13, 14, 15, 16, 18, 19, 20, 21, 22, 24, 25, 26, 31, 33, 35, 37, 38, 39, 43, 47, 49] 
ca_pool | 0.0% | [0, 1, 7, 11, 12, 17, 23, 24, 26, 27, 33, 34, 36, 37] 
composer_env | 0.0% | [0, 1, 2, 3, 4, 5, 7, 8, 9, 10, 11, 12, 13, 14, 15, 16, 17, 18, 19, 20, 21, 22, 23, 25, 26, 27, 28, 29, 30, 31, 32, 33, 34, 35, 36, 37, 38, 39, 40, 41, 42, 43, 44, 45, 46, 47, 48, 49] 
data_zones-instance | 0.0% | [0, 1, 2, 8, 10, 11, 12, 13, 15, 16, 17, 19, 20, 22, 26, 27, 28, 37, 38, 39, 49] 
data_zones-instance_count_zones | 0.0% | [0, 1, 4, 10, 11, 12, 13, 14, 18, 20, 21, 22, 29, 31, 35, 43, 45, 46] 
data_zones-instance_for_each_zone | 0.0% | [0, 1, 11, 13, 24, 31, 32, 40, 41, 42, 47] 
dns_policy | 0.0% | [0, 1, 3, 5, 6, 7, 8, 9, 11, 12, 13, 14, 15, 16, 17, 18, 19, 20, 21, 22, 23, 24, 25, 26, 27, 28, 29, 30, 31, 32, 33, 34, 35, 36, 37, 38, 39, 40, 41, 43, 44, 46, 47, 48, 49] 
firewall_policy | 0.0% | [0, 1, 2, 3, 4, 6, 8, 9, 10, 11, 12, 13, 14, 15, 17, 18, 19, 21, 23, 24, 26, 27, 28, 29, 32, 33, 34, 35, 36, 37, 39, 40, 41, 42, 43, 45, 48, 49] 
instance | 0.0% | [0, 1, 3, 5, 10, 11, 12, 14, 23, 25, 26, 28, 29, 30, 31, 32, 34, 36, 38, 40, 43, 49, 52] 
instance-output_cpu | 0.0% | [0, 1, 5, 11, 12, 18, 21, 22, 25, 43] 
instance_access_config | 0.0% | [0] 
ml-engine | 0.0% | [0, 2, 6, 12, 15, 22, 23, 37, 39, 42] 
network-firewall | 0.0% | [0, 1, 2, 3, 4, 6, 7, 8, 9, 10, 11, 12, 13, 14, 15, 16, 17, 18, 19, 20, 22, 23, 24, 25, 32, 34, 36, 38, 39, 41, 42, 43, 45, 46, 49] 
network-instance_self_link | 0.0% | [0, 10, 16, 17, 39] 
network-route | 0.0% | [0, 1, 6, 8, 12, 13, 14, 15, 17, 18, 19, 20, 21, 22, 23, 24, 25, 26, 27, 28, 29, 32, 33, 35, 36, 37, 38, 39, 41, 42, 45, 46, 48, 49] 
network-router | 0.0% | [0, 1, 2, 3, 20, 27, 40, 41] 
network-subnetwork | 0.0% | [0, 1, 2, 5, 8, 11, 12, 13, 14, 15, 17, 19, 20, 21, 23, 30, 36, 39, 40, 41, 43, 45, 48, 49] 
network-subnetwork-address | 0.0% | [0, 1, 2, 3, 4, 6, 7, 8, 10, 11, 12, 13, 14, 16, 17, 18, 20, 21, 22, 23, 24, 25, 26, 28, 29, 30, 32, 33, 35, 36, 37, 38, 39, 40, 41, 42, 43, 45, 48, 49] 
network-vpn_gateway | 0.0% | [0, 1, 2, 3, 5, 6, 7, 8, 10, 11, 12, 14, 15, 18, 20, 23, 28, 29, 30, 31, 32, 33, 36, 37, 38, 39, 41, 44, 45, 46, 47] 
network_empty | 0.0% | [0, 11, 14] 
network_subnet | 0.0% | [0, 11] 
node_template | 0.0% | [0, 1, 3, 10, 11, 15, 17, 18, 20, 23, 26, 29, 31, 35, 36, 38, 46, 48, 49] 
node_template-node_group | 0.0% | [0, 1, 2, 3, 5, 6, 7, 8, 10, 11, 12, 13, 14, 15, 16, 17, 18, 19, 20, 21, 22, 23, 25, 26, 27, 28, 29, 30, 31, 32, 33, 34, 35, 36, 37, 38, 39, 40, 41, 42, 45, 46, 47, 48, 49] 
notebook_env | 0.0% | [0, 1, 2, 3, 5, 6, 7, 8, 10, 11, 12, 13, 14, 15, 16, 17, 18, 19, 20, 21, 22, 23, 24, 25, 26, 27, 28, 29, 31, 33, 34, 35, 36, 37, 38, 39, 41, 42, 43, 45, 46, 47, 48, 49] 
notebook_instance | 0.0% | [0, 1, 2, 6, 7, 9, 10, 11, 12, 13, 14, 15, 16, 17, 18, 19, 20, 22, 23, 24, 27, 29, 31, 34, 40, 42] 
provider_only | 0.0% | [0] 
provider_project | 0.0% | [0, 16, 20, 22] 
sql_instance-sql_database | 0.0% | [0, 1, 2, 3, 5, 6, 7, 9, 10, 11, 12, 13, 14, 15, 17, 18, 19, 20, 21, 23, 24, 25, 26, 28, 29, 30, 32, 35, 36, 37, 38, 39, 40, 42, 43, 44, 45, 46, 47] 
Average success rate 0.0%
