Task | Success rate | Errors
automation_account | 0.0% | [0, 9, 10, 11, 12, 13, 14, 15, 16, 17, 19, 20, 21, 23, 24, 25, 26, 27, 28, 33, 34, 36, 37, 38, 39, 43, 44, 45, 46, 48] | [4, 0, 3, 2, 4, 1, 1, 1, 1, 10, 0, 1, 0, 1, 2, 0, 1, 1, 1, 1, 1, 1, 0, 0, 0, 0, 0, 1, 1, 0, 1, 1, 1, 1, 0, 0, 0, 0, 1, 1, 1, 1, 0, 2, 0, 0, 0, 0, 0, 1]
azurerm_image | 0.0% | [0, 1, 2, 3, 4, 5, 6, 7, 10, 11, 13, 14, 15, 16, 17, 18, 23, 27, 32, 34, 36, 37, 38, 39, 40, 41, 43, 44, 46, 47, 48] | [1, 1, 4, 1, 0, 2, 1, 9, 2, 1, 2, 0, 4, 0, 0, 0, 1, 0, 0, 0, 1, 0, 0, 1, 0, 0, 1, 0, 2, 0, 1, 1, 1, 1, 1, 1, 1, 0, 1, 1, 0, 1, 1, 2, 0, 1, 1, 1, 0, 0]
client_config | 0.0% | [0, 5, 11, 12, 15, 18, 19, 20, 21, 24, 25, 26, 27, 28, 29, 30, 32, 33, 34, 35, 37, 42, 45, 48] | [7, 0, 0, 5, 7, 0, 0, 7, 0, 0, 1, 1, 0, 4, 1, 0, 0, 1, 1, 1, 1, 1, 1, 0, 1, 0, 1, 1, 1, 1, 0, 1, 0, 0, 0, 0, 0, 1, 0, 0, 1, 0, 0, 2, 0, 1, 0, 0, 0, 0]
client_config-bot_channels | 0.0% | [0, 1, 2, 3, 4, 6, 7, 8, 9, 10, 11, 12, 13, 14, 15, 16, 18, 19, 20, 21, 22, 23, 24, 25, 27, 29, 30, 31, 32, 33, 34, 35, 38, 39, 40, 41, 42, 43, 44, 45, 46, 47, 48] | [1, 2, 1, 3, 1, 2, 1, 1, 1, 0, 1, 1, 1, 1, 1, 1, 1, 1, 1, 0, 2, 0, 1, 1, 1, 2, 1, 1, 1, 1, 0, 0, 1, 1, 1, 1, 1, 1, 1, 1, 1, 1, 1, 2, 0, 0, 1, 1, 1, 1]
cognitive_account | 0.0% | [0, 1, 10, 11, 14, 20, 24, 25, 29, 30, 32, 42, 43, 48] | [1, 5, 4, 16, 0, 0, 7, 0, 0, 0, 0, 0, 0, 1, 0, 0, 0, 1, 4, 0, 0, 0, 3, 0, 2, 0, 2, 0, 0, 0, 0, 0, 0, 0, 0, 0, 0, 1, 1, 0, 0, 0, 0, 2, 0, 0, 0, 0, 0, 0]
cognitive_account-client_config-bot_channels | 0.0% | [0, 1, 2, 3, 6, 7, 8, 10, 11, 12, 13, 14, 15, 16, 17, 18, 19, 20, 21, 22, 23, 24, 25, 26, 27, 28, 29, 30, 31, 32, 33, 34, 36, 37, 38, 39, 40, 41, 43, 44, 45, 46, 47, 48] | [1, 2, 1, 1, 1, 2, 1, 1, 1, 1, 1, 1, 1, 1, 1, 1, 1, 2, 1, 1, 2, 1, 2, 1, 1, 1, 1, 1, 1, 0, 1, 1, 1, 1, 0, 1, 1, 0, 1, 1, 1, 1, 1, 2, 0, 0, 1, 1, 1, 0]
cognitive_account-client_config-bot_channels-line_speech | 0.0% | [0, 1, 2, 3, 4, 6, 7, 8, 9, 10, 11, 12, 13, 14, 15, 16, 17, 18, 19, 20, 21, 22, 23, 24, 25, 26, 27, 28, 29, 30, 31, 33, 34, 35, 36, 37, 38, 39, 40, 41, 42, 43, 44, 45, 46, 47, 48] | [1, 1, 1, 1, 1, 1, 1, 1, 1, 1, 1, 1, 1, 1, 1, 1, 1, 1, 1, 2, 1, 1, 1, 1, 1, 1, 0, 1, 1, 1, 1, 1, 1, 1, 1, 1, 2, 1, 1, 1, 1, 1, 1, 2, 0, 0, 1, 1, 1, 1]
container_registry | 0.0% | [0, 1, 2, 5, 7, 8, 10, 11, 12, 14, 15, 16, 17, 18, 19, 20, 22, 23, 24, 25, 26, 27, 28, 29, 30, 31, 32, 35, 36, 37, 38, 40, 41, 42, 44, 46, 48] | [2, 5, 2, 3, 1, 0, 1, 1, 1, 2, 1, 2, 1, 1, 0, 1, 1, 1, 1, 1, 1, 1, 1, 0, 1, 2, 1, 0, 0, 1, 1, 1, 1, 0, 0, 1, 1, 2, 0, 1, 0, 1, 0, 2, 0, 1, 0, 1, 1, 0]
iothub | 0.0% | [0, 2, 11, 12, 14, 15, 16, 17, 18, 19, 20, 21, 22, 23, 24, 25, 29, 30, 35, 42, 48] | [9, 0, 0, 1, 2, 0, 1, 1, 8, 1, 1, 1, 1, 1, 10, 1, 1, 1, 1, 0, 0, 0, 3, 0, 2, 0, 0, 0, 0, 1, 0, 0, 0, 0, 0, 0, 0, 1, 0, 0, 0, 0, 0, 2, 0, 0, 0, 0, 0, 0]
iothub-iot_security | 0.0% | [0, 1, 3, 4, 5, 6, 7, 9, 10, 12, 13, 14, 18, 19, 20, 21, 22, 24, 25, 26, 27, 28, 29, 30, 31, 32, 33, 34, 35, 36, 37, 38, 39, 41, 42, 43, 44, 45, 46, 47, 48] | [7, 1, 2, 0, 1, 1, 1, 0, 0, 0, 1, 1, 0, 1, 1, 1, 0, 1, 1, 1, 1, 1, 1, 1, 1, 1, 1, 1, 1, 1, 1, 1, 1, 1, 1, 0, 1, 1, 1, 1, 1, 1, 1, 2, 0, 2, 1, 1, 0, 1]
kubernetes_cluster | 0.0% | [0, 1, 2, 3, 4, 5, 7, 8, 9, 10, 11, 12, 13, 14, 17, 18, 21, 22, 23, 24, 25, 27, 28, 30, 31, 35, 36, 38, 39, 40, 41, 44, 45, 47, 48] | [1, 1, 1, 1, 1, 2, 10, 0, 0, 3, 1, 0, 1, 0, 1, 1, 1, 1, 3, 0, 1, 1, 0, 1, 1, 1, 0, 0, 0, 1, 1, 0, 1, 1, 1, 1, 1, 0, 0, 1, 1, 0, 1, 2, 0, 1, 0, 1, 1, 1]
managed-disk | 0.0% | [0, 1, 2, 3, 4, 5, 8, 10, 11, 12, 13, 14, 15, 16, 17, 18, 19, 20, 21, 22, 23, 24, 25, 26, 27, 29, 30, 31, 32, 33, 34, 35, 36, 37, 38, 40, 41, 42, 43, 44, 45, 46, 47, 48] | [1, 1, 1, 1, 2, 1, 1, 1, 1, 1, 1, 1, 1, 1, 2, 1, 1, 2, 1, 1, 1, 0, 2, 1, 1, 1, 1, 1, 1, 1, 1, 1, 1, 0, 1, 1, 1, 1, 1, 1, 1, 1, 1, 2, 0, 2, 0, 0, 1, 0]
network | 0.0% | [0, 1, 15, 17, 19, 23, 24, 36, 37, 39, 40, 41, 42, 43, 45, 48] | [7, 16, 0, 0, 0, 0, 0, 7, 0, 1, 0, 4, 0, 0, 0, 0, 1, 4, 0, 0, 0, 0, 0, 0, 0, 0, 0, 0, 0, 0, 1, 1, 0, 1, 0, 1, 1, 1, 1, 0, 1, 0, 0, 2, 0, 0, 0, 0, 0, 0]
network-subnet | 0.0% | [0, 1, 2, 3, 4, 5, 7, 8, 9, 10, 11, 14, 15, 16, 17, 18, 26, 28, 29, 31, 37, 38, 40, 41, 42, 43, 45, 47, 48] | [2, 1, 7, 1, 0, 0, 5, 3, 3, 4, 3, 0, 1, 0, 0, 0, 0, 0, 0, 1, 0, 1, 1, 1, 0, 1, 0, 0, 0, 0, 0, 1, 1, 0, 1, 1, 1, 1, 1, 0, 1, 0, 1, 2, 0, 1, 0, 1, 1, 1]
network-subnet-public_ip | 0.0% | [0, 1, 2, 3, 4, 5, 6, 7, 8, 9, 10, 11, 12, 13, 14, 15, 16, 17, 18, 19, 20, 21, 22, 23, 24, 25, 26, 28, 30, 31, 32, 33, 34, 35, 36, 37, 38, 39, 40, 41, 42, 43, 44, 45, 46, 47, 48] | [1, 1, 1, 1, 1, 1, 1, 1, 1, 1, 1, 1, 1, 1, 1, 1, 1, 1, 1, 3, 0, 1, 0, 1, 1, 1, 1, 1, 1, 1, 1, 1, 1, 1, 1, 1, 1, 1, 1, 1, 1, 1, 1, 2, 0, 1, 1, 1, 1, 1]
network-subnet-public_ip-firewall | 0.0% | [0, 1, 2, 3, 4, 5, 6, 7, 8, 9, 10, 11, 12, 13, 14, 15, 16, 17, 18, 19, 20, 21, 22, 23, 24, 25, 26, 27, 28, 29, 30, 31, 32, 33, 34, 35, 36, 37, 38, 39, 40, 41, 42, 43, 44, 45, 46, 47, 48] | [1, 1, 1, 1, 1, 1, 1, 1, 1, 1, 1, 1, 1, 1, 1, 1, 1, 1, 1, 1, 1, 1, 1, 1, 1, 1, 1, 1, 1, 1, 1, 1, 1, 1, 1, 1, 1, 1, 1, 1, 1, 1, 1, 2, 0, 1, 1, 1, 1, 1]
provider | 90.0% | [11, 48] | [45, 0, 0, 3, 0, 0, 0, 0, 0, 0, 0, 0, 0, 0, 0, 0, 0, 0, 0, 0, 0, 0, 0, 0, 0, 0, 0, 0, 0, 0, 0, 0, 0, 0, 0, 0, 0, 0, 0, 0, 0, 0, 0, 2, 0, 0, 0, 0, 0, 0]
public_ip-load_balancer | 0.0% | [0, 1, 2, 3, 4, 5, 6, 7, 8, 9, 10, 11, 12, 13, 14, 15, 16, 17, 18, 19, 20, 21, 22, 23, 24, 25, 26, 27, 28, 29, 30, 31, 32, 33, 34, 35, 36, 37, 40, 42, 43, 44, 45, 46, 47, 48] | [1, 1, 1, 1, 1, 1, 1, 1, 1, 1, 1, 1, 1, 1, 1, 1, 1, 1, 1, 3, 1, 1, 1, 1, 1, 1, 1, 1, 1, 1, 1, 2, 0, 0, 1, 1, 0, 1, 1, 1, 1, 1, 1, 2, 0, 1, 1, 1, 1, 1]
resource_group | 88.0% | [15, 17, 22, 48] | [43, 0, 0, 0, 0, 0, 0, 2, 1, 1, 0, 0, 0, 0, 0, 1, 0, 0, 0, 0, 0, 0, 0, 0, 0, 0, 0, 0, 0, 0, 0, 0, 0, 0, 0, 0, 0, 0, 0, 0, 0, 0, 0, 2, 0, 0, 0, 0, 0, 0]
storage_account | 0.0% | [0, 1, 2, 4, 8, 10, 11, 14, 15, 20, 23, 24, 26, 27, 28, 30, 32, 34, 35, 44, 48] | [1, 11, 2, 4, 0, 0, 5, 3, 0, 0, 0, 0, 2, 3, 0, 0, 2, 1, 0, 2, 2, 1, 0, 0, 3, 0, 1, 0, 1, 1, 0, 0, 0, 0, 1, 0, 0, 0, 0, 1, 0, 0, 0, 2, 0, 0, 0, 0, 1, 0]
storage_account-threat_protection | 0.0% | [0, 1, 2, 5, 7, 9, 10, 11, 12, 13, 14, 15, 16, 17, 18, 19, 20, 21, 22, 23, 26, 28, 32, 33, 40, 41, 44, 45, 48] | [1, 1, 1, 1, 1, 6, 4, 3, 3, 1, 1, 1, 1, 4, 2, 2, 3, 0, 0, 1, 0, 2, 0, 0, 0, 0, 1, 1, 0, 0, 0, 0, 0, 0, 0, 1, 1, 0, 0, 1, 1, 0, 0, 2, 0, 1, 0, 1, 0, 1]
Average success rate 8.476190476190476%
